== town_tiles 512x512  32cols x 32rows ==
 0 eKKKKeeKKeBBBBKKeRBBReKKKKeBBBBe
 1 KKKKKKKKKKBBBBKKRBBBBRKKKKBBKKBB
 2 KKKKKKeeKKKBBBKKRBBBBBBRBBBBKKBB
 3 KKKKKKeeKKBBBBKKRBBBBBBBBBBBKKBB
 4 KKKKKKeeKKeeBKeeRBBBBBBBBBBBBBBB
 5 KKKKKKeeKKKKKBeeRBBBBRBBBBBBBBBB
 6 KBKKKKKKKKKeKBKKKKKKRRRRRBRRRRRR
 7 BBKKBKKeeKKeeeKKeeKKRRRRRBRRRRRR
 8 BBBBBBKKBBBeBBBBBBKKeeKKRRRRRRRR
 9 BBBBBBKKBBBeBBBBBBKKeeKKRRRRRRRR
10 BBBBBBmmBBeeBBBBBBKKBBKKRBRRRRRR
11 BBBBBBmmBBeeBeeeeBBKBeKKRRRRRRRR
12 BBBBBBBBRReReBKKBeBBeKKKeeeeeeRB
13 BBBBBBBBRRRReBKKBeBBeKKKeBBeBBBB
14 BBBBBBBBRBBReBKKBeeeeKKKewweRRBB
15 BBBBBBBBRRBReBKKBeeeeKKKeBBeRRBB
16 KKeeKKeeeRReeBBBRRBBBKeeeeeeeeKK
17 BBeeBKeeRRRmeBBBRRwwKwKKKKeeeeKK
18 BBBBBBBBRRRBeBeeKKKKwwKwKKRRRRKK
19 BBBBBBBBRBeBeBeeBBeeeeeeKKBeeBKK
20 BBBBBBBBeeeeeeeeeeeeeeeeeeeeeeee
21 BBBBBBBBeeRRRRBBewwewwBBeeeeeeee
22 BBBBBBBBRRRRRRKKeKKeKKBBeeRReBRB
23 BBBBBBBBRRRBBRBBeeeeeeeeeReRReRe
24 BBBBBBBBRReeeeeCeeBBeeeeBeRRRRRe
25 BBBBBBBBRBRRRReBBeBBBBeeeeeRRRRB
26 KKKKmmCCKKRRRRBBBBRBwwBBRRRRRRee
27 KKKKmmBBeKRBBBBBRBRBKKRReeeRRKKK
28 eRReeKKeeKBCeRReBBeeRRRRBBeRBKKe
29 RRRRKKKeeKBBeRReBBRRRRRRBBBBBBKe
30 BGGRKKKeeKKKeBBeBBRRRRRRBBBBBBBB
31 RRRBKKKeKKKKeRBKBBeKRRRBBBeBBBRB

== forest_tiles 240x160  15cols x 10rows ==
 0 GwwwGGwwGGwwKKw
 1 wGwwKKwwGGwwGKw
 2 KwKwwwwwGGwwGGw
 3 wKwwwwwwKKwwKKw
 4 KwKwwwwwwwwwwww
 5 wKwKwwwwwwwwwww
 6 GwGwGwwwwwwwwww
 7 wGwGwGwwwwwwwww
 8 wwwwwwwwwwwwwww
 9 wwwwwwwwwwwwwww

-- town_tiles 明细(avg rgb | top rgb | cov) --
( 1, 0)    54   50   51 |  48, 48, 48 | 0.53 top0.49
( 2, 0)    70   67   67 |  16, 16, 32 | 1.00 top0.30
( 3, 0)    70   67   67 |  16, 16, 32 | 1.00 top0.30
( 4, 0)    72   69   69 |  16, 16, 32 | 0.53 top0.34
( 7, 0)    56   52   53 |  48, 48, 48 | 0.53 top0.44
( 8, 0)    73   70   71 |  16, 16, 32 | 0.53 top0.34
(10, 0)   127  118  106 | 128,112,112 | 1.00 top0.59
(11, 0)   129  121  112 | 128,112,112 | 1.00 top0.76
(12, 0)   127  118  107 | 128,112,112 | 1.00 top0.64
(13, 0)   129  120  112 | 128,112,112 | 1.00 top0.74
(14, 0)    49   46   43 |  16, 16, 16 | 0.32 top0.47
(15, 0)    48   45   42 |  16, 16, 16 | 0.32 top0.48
(16, 0)   165  122   68 | 160,112, 64 | 0.00 top1.00
(17, 0)   118   87   55 | 112, 64, 32 | 0.59 top0.19
(18, 0)   118   98   80 | 112, 96, 80 | 1.00 top0.38
(19, 0)   118   98   80 | 112, 96, 80 | 1.00 top0.30
(20, 0)   108   82   53 | 112, 64, 32 | 0.59 top0.19
(21, 0)   165  122   68 | 160,112, 64 | 0.00 top1.00
(22, 0)   100   96   87 | 112, 96, 96 | 1.00 top0.26
(23, 0)    97   93   84 | 112, 96, 96 | 1.00 top0.29
(24, 0)   100   95   87 | 112, 96, 96 | 1.00 top0.27
(25, 0)    97   93   84 | 112, 96, 96 | 1.00 top0.32
(26, 0)   167  151   89 | 160,144, 80 | 0.00 top1.00
(27, 0)   105  103   66 |  96,112, 48 | 0.59 top0.27
(28, 0)   112  107   87 | 112, 96, 96 | 1.00 top0.36
(29, 0)   112  107   87 | 112, 96, 96 | 1.00 top0.29
(30, 0)    97   96   64 |  96,112, 48 | 0.59 top0.22
(31, 0)   167  151   89 | 160,144, 80 | 0.00 top1.00
( 0, 1)    54   50   51 |  48, 48, 48 | 0.53 top0.49
( 1, 1)    54   51   50 |  48, 48, 48 | 1.00 top0.56
( 2, 1)    77   73   72 |  48, 48, 48 | 1.00 top0.32
( 3, 1)    77   73   72 |  48, 48, 48 | 1.00 top0.32
( 4, 1)    71   68   68 |  80, 80, 80 | 1.00 top0.34
( 5, 1)    72   69   69 |  16, 16, 32 | 0.53 top0.34
( 6, 1)    54   50   51 |  48, 48, 48 | 0.53 top0.49
( 7, 1)    55   52   51 |  48, 48, 48 | 1.00 top0.53
( 8, 1)    71   68   68 |  80, 80, 80 | 1.00 top0.32
( 9, 1)    72   69   69 |  16, 16, 32 | 0.53 top0.34
(10, 1)   127  117  106 | 128,112,112 | 1.00 top0.60
(11, 1)   129  120  111 | 128,112,112 | 1.00 top0.73
(12, 1)   127  117  106 | 128,112,112 | 1.00 top0.62
(13, 1)   128  120  110 | 128,112,112 | 1.00 top0.71
(14, 1)    57   53   50 |  48, 32, 32 | 0.47 top0.42
(15, 1)    96   92   90 | 128,112,112 | 0.74 top0.43
(16, 1)   123   93   62 |  80, 48, 16 | 0.77 top0.18
(17, 1)   125  101   79 | 128,112, 96 | 1.00 top0.25
(18, 1)   108   94   86 | 112, 96, 80 | 1.00 top0.45
(19, 1)   108   93   85 | 112, 96, 80 | 1.00 top0.37
(20, 1)   105   88   73 | 112, 96, 80 | 1.00 top0.25
(21, 1)   112   85   59 |  80, 48, 16 | 0.77 top0.18
(22, 1)   103   97   89 | 112, 96, 96 | 1.00 top0.29
(23, 1)   105  100   92 | 112, 96, 96 | 1.00 top0.32
(24, 1)    97   93   86 | 112, 96, 96 | 1.00 top0.29
(25, 1)    99   95   86 | 112, 96, 96 | 1.00 top0.27
(26, 1)   111  107   74 |  64, 64, 32 | 0.77 top0.21
(27, 1)   115  112   88 |  64, 64, 32 | 1.00 top0.19
(28, 1)   105   98   91 | 112, 96, 96 | 1.00 top0.43
(29, 1)   104   98   90 | 112, 96, 96 | 1.00 top0.36
(30, 1)    98   95   80 | 112, 96, 96 | 1.00 top0.25
(31, 1)   101   98   69 |  96,112, 48 | 0.77 top0.17
( 0, 2)    54   51   50 |  48, 48, 48 | 1.00 top0.56
( 1, 2)    54   51   50 |  48, 48, 48 | 1.00 top0.56
( 2, 2)    70   67   67 |  16, 16, 32 | 1.00 top0.30
( 3, 2)    63   58   57 |  16, 16, 32 | 1.00 top0.33
( 4, 2)    71   68   68 |  80, 80, 80 | 1.00 top0.34
( 5, 2)    71   68   68 |  80, 80, 80 | 1.00 top0.34
( 8, 2)    71   68   68 |  80, 80, 80 | 1.00 top0.34
( 9, 2)    73   68   66 |  16, 16, 32 | 1.00 top0.30
(10, 2)    91   83   77 |  64, 64, 64 | 1.00 top0.37
(11, 2)   102   95   87 | 128,112,112 | 1.00 top0.32
(12, 2)    88   80   65 |  32, 32, 32 | 1.00 top0.28
(13, 2)    86   79   65 |  32, 32, 32 | 1.00 top0.31
(14, 2)    72   68   63 |  16, 16, 16 | 0.25 top0.29
(15, 2)    85   82   81 |  16, 16, 16 | 0.50 top0.33
(16, 2)   130  103   77 | 128,112, 96 | 1.00 top0.27
(17, 2)   124  101   79 | 128,112, 96 | 1.00 top0.34
(18, 2)   106   93   84 | 112, 96, 80 | 1.00 top0.32
(19, 2)   105   92   83 | 112, 96, 80 | 1.00 top0.35
(20, 2)   103   87   72 | 112, 96, 80 | 1.00 top0.34
(21, 2)   114   91   71 | 112, 96, 80 | 1.00 top0.27
(22, 2)   117   97   79 | 112, 96, 80 | 1.00 top0.30
(23, 2)   115   90   65 | 112, 96, 80 | 1.00 top0.12
(24, 2)   108   88   65 |  48, 48, 32 | 1.00 top0.21
(25, 2)   117   97   79 | 112, 96, 80 | 1.00 top0.30
(26, 2)   120  115   87 |  64, 64, 32 | 1.00 top0.17
(27, 2)   115  111   87 |  64, 64, 32 | 1.00 top0.19
(28, 2)   102   97   89 | 112, 96, 96 | 1.00 top0.32
(29, 2)   101   96   87 | 112, 96, 96 | 1.00 top0.34
(30, 2)    97   94   79 | 112, 96, 96 | 1.00 top0.33
(31, 2)   106  102   80 | 112, 96, 96 | 1.00 top0.27
( 0, 3)    54   51   50 |  48, 48, 48 | 1.00 top0.56
( 1, 3)    54   51   50 |  48, 48, 48 | 1.00 top0.56
( 2, 3)    77   73   72 |  48, 48, 48 | 1.00 top0.32
( 3, 3)    77   73   72 |  48, 48, 48 | 1.00 top0.32
( 4, 3)    71   68   68 |  80, 80, 80 | 1.00 top0.34
( 5, 3)    71   68   68 |  80, 80, 80 | 1.00 top0.34
( 8, 3)    71   68   68 |  80, 80, 80 | 1.00 top0.34
( 9, 3)    73   68   66 |  16, 16, 32 | 1.00 top0.30
(10, 3)    94   87   78 |  64, 64, 64 | 1.00 top0.28
(11, 3)   104   97   88 | 128,112,112 | 1.00 top0.38
(12, 3)   102   89   62 |  96, 80, 48 | 1.00 top0.27
(13, 3)    99   86   61 |  96, 80, 48 | 1.00 top0.27
(14, 3)    61   56   52 |  48, 32, 32 | 0.29 top0.43
(15, 3)    90   86   84 | 128,112,112 | 0.61 top0.25
(16, 3)   127  100   74 | 128,112, 96 | 1.00 top0.23
(17, 3)   126  102   80 | 128,112, 96 | 1.00 top0.28
(18, 3)   107   93   84 | 112, 96, 80 | 1.00 top0.34
(19, 3)   109   95   86 | 112, 96, 80 | 1.00 top0.34
(20, 3)   105   88   73 | 112, 96, 80 | 1.00 top0.28
(21, 3)   111   89   68 | 112, 96, 80 | 1.00 top0.23
(22, 3)   118   97   81 | 112, 96, 80 | 1.00 top0.24
(23, 3)   125  101   79 | 128,112, 96 | 1.00 top0.25
(24, 3)   104   88   73 | 112, 96, 80 | 1.00 top0.25
(25, 3)   108   92   79 | 112, 96, 80 | 1.00 top0.35
(26, 3)   116  112   84 |  64, 64, 32 | 1.00 top0.19
(27, 3)   116  112   89 |  64, 64, 32 | 1.00 top0.17
(28, 3)   104   98   90 | 112, 96, 96 | 1.00 top0.32
(29, 3)   105  100   92 | 112, 96, 96 | 1.00 top0.32
(30, 3)    99   96   80 | 112, 96, 96 | 1.00 top0.28
(31, 3)   103   99   77 | 112, 96, 96 | 1.00 top0.23
( 0, 4)    50   46   46 |  48, 48, 48 | 1.00 top0.49
( 1, 4)    53   50   50 |  48, 48, 48 | 1.00 top0.54
( 2, 4)    77   73   72 |  48, 48, 48 | 1.00 top0.32
( 3, 4)    77   73   72 |  48, 48, 48 | 1.00 top0.32
( 4, 4)    69   66   66 |  16, 16, 32 | 1.00 top0.34
( 5, 4)    57   53   53 |  16, 16, 32 | 1.00 top0.40
( 8, 4)    77   69   64 |  80, 80, 80 | 1.00 top0.27
( 9, 4)    77   69   64 |  80, 80, 80 | 1.00 top0.27
(10, 4)    26   22   32 |  16, 16, 32 | 0.06 top1.00
(11, 4)    26   22   32 |  16, 16, 32 | 0.06 top1.00
(12, 4)    66   57   50 |  32, 32, 32 | 0.21 top0.53
(13, 4)    75   69   61 |  48, 48, 48 | 0.25 top0.46
(16, 4)   128  101   75 | 128,112, 96 | 1.00 top0.25
(17, 4)   117   95   74 | 128,112, 96 | 1.00 top0.18
(18, 4)   117   97   79 | 112, 96, 80 | 1.00 top0.30
(19, 4)   116   96   78 | 112, 96, 80 | 1.00 top0.33
(20, 4)   108   89   71 | 112, 96, 80 | 1.00 top0.29
(21, 4)   113   90   69 | 112, 96, 80 | 1.00 top0.25
(22, 4)   111  106   86 | 112, 96, 96 | 1.00 top0.30
(23, 4)   107  103   76 |  96,112, 48 | 1.00 top0.14
(24, 4)   104  100   76 | 112, 96, 96 | 1.00 top0.16
(25, 4)   110  104   86 | 112, 96, 96 | 1.00 top0.33
(26, 4)   117  113   85 |  64, 64, 32 | 1.00 top0.16
(27, 4)   109  106   83 |  96,112, 48 | 1.00 top0.13
(28, 4)   111  106   86 | 112, 96, 96 | 1.00 top0.30
(29, 4)   110  104   86 | 112, 96, 96 | 1.00 top0.33
(30, 4)   101   98   79 | 112, 96, 96 | 1.00 top0.28
(31, 4)   105  101   78 | 112, 96, 96 | 1.00 top0.25
( 0, 5)    49   46   45 |  48, 48, 48 | 1.00 top0.46
( 1, 5)    53   50   50 |  48, 48, 48 | 1.00 top0.54
( 2, 5)    77   73   72 |  48, 48, 48 | 1.00 top0.32
( 3, 5)    77   73   72 |  48, 48, 48 | 1.00 top0.32
( 4, 5)    70   67   67 |  80, 80, 80 | 1.00 top0.34
( 5, 5)    69   66   67 |  16, 16, 32 | 1.00 top0.33
( 8, 5)    71   68   68 |  80, 80, 80 | 1.00 top0.34
( 9, 5)    71   68   68 |  80, 80, 80 | 1.00 top0.34
(10, 5)    70   67   66 |  48, 48, 48 | 1.00 top0.29
(11, 5)    70   67   66 |  48, 48, 48 | 1.00 top0.29
(12, 5)    68   61   53 |  48, 48, 48 | 0.34 top0.35
(13, 5)    86   78   67 |  96, 96, 80 | 0.40 top0.30
(16, 5)   115   83   49 |  80, 48, 16 | 1.00 top0.24
(17, 5)   116   92   71 | 112, 96, 80 | 1.00 top0.29
(18, 5)   118   94   73 | 112, 96, 80 | 1.00 top0.31
(19, 5)   119   95   74 | 112, 96, 80 | 1.00 top0.32
(20, 5)   116   92   71 | 112, 96, 80 | 1.00 top0.29
(21, 5)   113   81   48 |  80, 48, 16 | 1.00 top0.24
(22, 5)   111  106   90 | 112, 96, 96 | 1.00 top0.25
(23, 5)   115  112   88 |  64, 64, 32 | 1.00 top0.18
(24, 5)    99   96   80 | 112, 96, 96 | 1.00 top0.25
(25, 5)   106  101   88 | 112, 96, 96 | 1.00 top0.38
(26, 5)   102  100   62 |  96,112, 48 | 1.00 top0.30
(27, 5)   107  103   80 | 112, 96, 96 | 1.00 top0.29
(28, 5)   109  105   82 | 112, 96, 96 | 1.00 top0.30
(29, 5)   111  106   83 | 112, 96, 96 | 1.00 top0.32
(30, 5)   107  103   80 | 112, 96, 96 | 1.00 top0.29
(31, 5)    99   98   60 |  96,112, 48 | 1.00 top0.27
( 0, 6)    54   51   50 |  48, 48, 48 | 1.00 top0.56
( 1, 6)    66   60   50 |  48, 48, 48 | 1.00 top0.30
( 2, 6)    75   72   71 |  48, 48, 48 | 1.00 top0.32
( 3, 6)    75   72   71 |  48, 48, 48 | 1.00 top0.32
( 4, 6)    69   63   56 |  32, 32, 32 | 1.00 top0.19
( 5, 6)    71   68   68 |  80, 80, 80 | 1.00 top0.34
( 6, 6)    54   51   50 |  48, 48, 48 | 1.00 top0.56
( 7, 6)    51   47   48 |  48, 48, 48 | 0.54 top0.56
( 8, 6)    64   61   62 |  16, 16, 32 | 0.54 top0.35
( 9, 6)    71   68   68 |  80, 80, 80 | 1.00 top0.34
(10, 6)    68   65   66 |  16, 16, 32 | 0.42 top0.36
(12, 6)    54   48   44 |  48, 48, 48 | 0.16 top0.55
(13, 6)    68   60   52 |  32, 32, 32 | 0.19 top0.39
(14, 6)    67   64   61 |  64, 64, 64 | 0.38 top0.34
(15, 6)    73   70   65 |  32, 32, 32 | 0.57 top0.39
(16, 6)    65   62   58 |  32, 32, 32 | 0.38 top0.50
(17, 6)    64   61   57 |  32, 32, 32 | 0.35 top0.53
(18, 6)    67   64   61 |  64, 64, 64 | 0.38 top0.34
(19, 6)    80   76   72 |  32, 32, 32 | 0.31 top0.30
(20, 6)   173  139   97 | 160,112, 48 | 1.00 top0.27
(21, 6)   179  148  101 | 176,144,112 | 1.00 top0.33
(22, 6)   189  159  112 | 176,144,112 | 1.00 top0.33
(23, 6)   184  153  107 | 176,144,112 | 1.00 top0.36
(24, 6)   150  123   71 | 160,112, 48 | 1.00 top0.31
(25, 6)   134  109   63 | 112, 64, 32 | 1.00 top0.28
(26, 6)   140  110   64 | 112, 64, 32 | 1.00 top0.17
(27, 6)   154  119   74 | 160,112, 48 | 1.00 top0.34
(28, 6)   155  119   75 | 160,112, 48 | 1.00 top0.33
(29, 6)   154  118   74 | 160,112, 48 | 1.00 top0.34
(30, 6)   156  120   77 | 176,144,112 | 1.00 top0.33
(31, 6)   142  112   63 | 160,112, 48 | 1.00 top0.21
( 0, 7)    68   61   51 |  48, 48, 48 | 1.00 top0.30
( 1, 7)    97   85   60 |  96, 80, 48 | 1.00 top0.27
( 2, 7)    78   75   73 |  48, 48, 48 | 1.00 top0.30
( 3, 7)    75   72   71 |  48, 48, 48 | 1.00 top0.35
( 4, 7)    99   86   61 |  96, 80, 48 | 1.00 top0.23
( 5, 7)    68   63   55 |  64, 48, 32 | 1.00 top0.21
( 6, 7)    51   48   48 |  48, 48, 48 | 0.53 top0.57
( 9, 7)    64   61   62 |  16, 16, 32 | 0.53 top0.35
(10, 7)    62   59   58 |  16, 16, 32 | 0.56 top0.28
(14, 7)    69   66   63 |  64, 64, 64 | 0.38 top0.42
(15, 7)    84   80   76 |  64, 64, 64 | 0.31 top0.33
(18, 7)    69   66   63 |  64, 64, 64 | 0.38 top0.42
(19, 7)    84   80   76 |  64, 64, 64 | 0.31 top0.33
(20, 7)   189  158  110 | 176,144,112 | 1.00 top0.30
(21, 7)   190  160  112 | 176,144,112 | 1.00 top0.32
(22, 7)   188  157  110 | 176,144,112 | 1.00 top0.30
(23, 7)   166  131   86 | 160,112, 48 | 1.00 top0.31
(24, 7)   187  158  107 | 176,144,112 | 1.00 top0.32
(25, 7)   162  142   88 | 176,144,112 | 1.00 top0.23
(26, 7)   158  128   77 | 128, 80, 32 | 1.00 top0.19
(27, 7)   190  160  112 | 176,144,112 | 1.00 top0.32
(28, 7)   189  158  110 | 176,144,112 | 1.00 top0.30
(29, 7)   190  160  112 | 176,144,112 | 1.00 top0.32
(30, 7)   189  158  110 | 176,144,112 | 1.00 top0.30
(31, 7)   162  133   83 | 128, 80, 32 | 1.00 top0.19
( 0, 8)    87   73   43 |  80, 64, 16 | 1.00 top0.26
( 1, 8)    95   79   47 |  80, 64, 16 | 1.00 top0.23
( 2, 8)    94   80   51 |  32, 32, 32 | 1.00 top0.19
( 3, 8)    92   78   50 |  32, 32, 32 | 1.00 top0.22
( 4, 8)    89   75   44 |  80, 64, 16 | 1.00 top0.27
( 5, 8)    88   74   43 |  80, 64, 16 | 1.00 top0.24
( 6, 8)    54   51   51 |  48, 48, 48 | 0.53 top0.49
( 7, 8)    72   69   69 |  16, 16, 32 | 0.53 top0.34
( 8, 8)    99   87   61 | 112, 96, 64 | 1.00 top0.26
( 9, 8)    90   79   56 |  32, 32, 32 | 1.00 top0.29
(10, 8)    70   59   36 |  32, 32, 32 | 0.34 top0.39
(12, 8)    80   65   33 |  80, 64, 16 | 0.75 top0.50
(13, 8)    80   65   33 |  80, 64, 16 | 0.75 top0.49
(14, 8)    78   63   33 |  80, 64, 16 | 0.75 top0.44
(15, 8)    82   65   32 |  80, 64, 16 | 0.75 top0.60
(16, 8)    75   60   32 |  80, 64, 16 | 0.75 top0.54
(17, 8)    86   69   34 |  80, 64, 16 | 0.75 top0.47
(18, 8)    69   66   63 |  64, 64, 64 | 0.38 top0.38
(19, 8)    84   79   76 |  64, 64, 64 | 0.31 top0.34
(20, 8)   132  120  102 | 192,176,144 | 0.03 top0.62
(21, 8)    83   76   65 |   0,  0,  0 | 0.04 top0.64
(22, 8)    49   46   43 |  16, 16, 16 | 0.39 top0.43
(23, 8)    54   52   50 |  16, 16, 16 | 0.32 top0.48
(24, 8)   189  159  112 | 176,144,112 | 1.00 top0.33
(25, 8)   175  147   94 | 176,144,112 | 1.00 top0.32
(26, 8)   168  140   86 | 176,144,112 | 1.00 top0.18
(27, 8)   186  154  107 | 176,144,112 | 1.00 top0.36
(28, 8)   189  159  112 | 176,144,112 | 1.00 top0.33
(29, 8)   186  154  107 | 176,144,112 | 1.00 top0.36
(30, 8)   189  159  112 | 176,144,112 | 1.00 top0.33
(31, 8)   167  139   85 | 160,112, 48 | 1.00 top0.16
( 0, 9)    96   80   47 |  80, 64, 16 | 1.00 top0.27
( 1, 9)    99   86   61 |  96, 80, 48 | 1.00 top0.26
( 2, 9)   102   89   62 |  96, 80, 48 | 1.00 top0.27
( 3, 9)    99   86   61 |  96, 80, 48 | 1.00 top0.27
( 4, 9)   100   87   61 |  96, 80, 48 | 1.00 top0.24
( 5, 9)    89   75   44 |  80, 64, 16 | 1.00 top0.29
( 6, 9)    58   52   43 |  48, 48, 48 | 1.00 top0.30
( 7, 9)    62   57   51 |  64, 48, 32 | 1.00 top0.21
( 8, 9)   102   89   62 |  96, 80, 48 | 1.00 top0.27
( 9, 9)    97   85   60 |  96, 80, 48 | 1.00 top0.23
(10, 9)    73   61   36 |  32, 32, 32 | 0.44 top0.35
(12, 9)    80   65   35 |  32, 32, 32 | 1.00 top0.34
(13, 9)    76   61   33 |  80, 64, 16 | 1.00 top0.49
(14, 9)    74   61   34 |  80, 64, 16 | 1.00 top0.41
(15, 9)    79   64   33 |  80, 64, 16 | 1.00 top0.51
(16, 9)    72   59   33 |  80, 64, 16 | 1.00 top0.46
(17, 9)    78   63   32 |  80, 64, 16 | 1.00 top0.55
(18, 9)    69   66   63 |  64, 64, 64 | 0.38 top0.42
(19, 9)    84   80   76 |  64, 64, 64 | 0.31 top0.33
(22, 9)    62   58   55 |  48, 32, 32 | 0.50 top0.37
(23, 9)    93   90   87 | 128,112,112 | 0.69 top0.42
(24, 9)   189  158  110 | 176,144,112 | 1.00 top0.30
(25, 9)   189  158  111 | 176,144,112 | 1.00 top0.35
(26, 9)   158  128   77 | 128, 80, 32 | 1.00 top0.19
(27, 9)   190  160  112 | 176,144,112 | 1.00 top0.32
(28, 9)   189  158  110 | 176,144,112 | 1.00 top0.30
(29, 9)   190  160  112 | 176,144,112 | 1.00 top0.32
(30, 9)   189  158  110 | 176,144,112 | 1.00 top0.30
(31, 9)   162  133   83 | 128, 80, 32 | 1.00 top0.19
( 0,10)    96   82   52 |  64, 48, 32 | 1.00 top0.17
( 1,10)    92   81   58 |  32, 32, 32 | 1.00 top0.29
( 2,10)    99   87   61 | 112, 96, 64 | 1.00 top0.26
( 3,10)    92   81   58 |  32, 32, 32 | 1.00 top0.29
( 4,10)    99   87   61 | 112, 96, 64 | 1.00 top0.26
( 5,10)    89   76   48 |  32, 32, 32 | 1.00 top0.24
( 6,10)    53   45   29 |  32, 32, 32 | 1.00 top0.36
( 7,10)    55   47   29 |  32, 32, 32 | 1.00 top0.36
( 8,10)    84   74   54 |  32, 32, 32 | 1.00 top0.38
( 9,10)    92   81   58 |  32, 32, 32 | 1.00 top0.29
(12,10)    74   62   36 |  80, 64, 16 | 0.57 top0.35
(13,10)    72   61   38 |  64, 48, 32 | 0.53 top0.39
(14,10)    72   61   38 |  64, 48, 32 | 0.31 top0.36
(15,10)    72   61   38 |  64, 48, 32 | 0.31 top0.36
(16,10)    72   61   38 |  64, 48, 32 | 0.53 top0.37
(17,10)    73   62   37 |  32, 32, 32 | 0.53 top0.29
(18,10)    70   67   63 |  64, 64, 64 | 0.38 top0.37
(19,10)    84   79   76 |  64, 64, 64 | 0.31 top0.34
(20,10)   102   92   76 |  48, 48, 32 | 0.38 top0.39
(21,10)    90   82   70 |  48, 48, 32 | 0.33 top0.45
(22,10)    70   66   62 |  16, 16, 16 | 0.39 top0.28
(23,10)    89   86   85 |  16, 16, 16 | 0.50 top0.28
(24,10)   156  126   76 | 176,144,112 | 1.00 top0.31
(25,10)   134  116   61 | 112, 64, 32 | 1.00 top0.23
(26,10)   131  100   57 | 112, 64, 32 | 1.00 top0.20
(27,10)   140  104   64 | 112, 64, 32 | 1.00 top0.36
(28,10)   143  106   67 | 112, 64, 32 | 1.00 top0.33
(29,10)   140  104   64 | 112, 64, 32 | 1.00 top0.36
(30,10)   143  106   67 | 112, 64, 32 | 1.00 top0.33
(31,10)   133  103   58 | 160,112, 48 | 1.00 top0.17
( 0,11)    96   82   52 |  32, 32, 32 | 1.00 top0.18
( 1,11)    99   86   61 |  96, 80, 48 | 1.00 top0.27
( 2,11)   102   89   62 |  96, 80, 48 | 1.00 top0.27
( 3,11)    99   86   61 |  96, 80, 48 | 1.00 top0.27
( 4,11)   102   89   62 |  96, 80, 48 | 1.00 top0.27
( 5,11)    94   80   51 |  64, 48, 32 | 1.00 top0.21
( 6,11)    50   43   28 |  32, 32, 32 | 1.00 top0.36
( 7,11)    52   44   28 |  32, 32, 32 | 1.00 top0.36
( 8,11)   102   89   62 |  96, 80, 48 | 1.00 top0.26
( 9,11)    90   79   57 |  32, 32, 32 | 1.00 top0.26
(12,11)    78   64   35 |  80, 64, 16 | 0.43 top0.37
(17,11)    75   62   35 |  80, 64, 16 | 0.41 top0.38
(18,11)   106  108   83 | 144,144, 96 | 0.62 top0.36
(19,11)    89   86   78 |  64, 64, 64 | 0.30 top0.29
(20,11)   114  101   83 |  48, 48, 32 | 0.36 top0.38
(21,11)    70   66   55 |  48, 48, 32 | 0.04 top0.78
(22,11)    58   54   51 |  48, 32, 32 | 0.36 top0.55
(23,11)    97   94   91 | 128,112,112 | 0.46 top0.31
(24,11)   189  158  110 | 176,144,112 | 1.00 top0.30
(25,11)   173  147   93 | 176,144,112 | 1.00 top0.29
(26,11)   123   92   53 | 112, 64, 32 | 1.00 top0.20
(27,11)   144  108   66 | 112, 64, 32 | 1.00 top0.36
(28,11)   140  103   64 | 112, 64, 32 | 1.00 top0.35
(29,11)   144  108   66 | 112, 64, 32 | 1.00 top0.36
(30,11)   140  103   64 | 112, 64, 32 | 1.00 top0.35
(31,11)   130   98   57 | 160,112, 48 | 1.00 top0.18
( 0,12)    95   80   49 |  80, 64, 16 | 1.00 top0.20
( 1,12)    90   77   52 |  32, 32, 32 | 1.00 top0.28
( 2,12)    94   81   54 |  64, 48, 32 | 1.00 top0.19
( 3,12)    90   78   52 |  32, 32, 32 | 1.00 top0.28
( 4,12)    95   82   55 |  64, 48, 32 | 1.00 top0.19
( 5,12)    89   75   46 |  32, 32, 32 | 1.00 top0.22
( 6,12)    81   71   52 |  64, 48, 32 | 1.00 top0.35
( 7,12)    77   68   50 |  64, 48, 32 | 1.00 top0.29
( 8,12)   136  103   75 |  80, 48, 64 | 0.25 top0.27
( 9,12)   183  145   91 | 128, 96, 48 | 0.20 top0.29
(10,12)   189  146   89 | 208,160, 96 | 0.13 top0.45
(11,12)   161  125   82 | 128, 96, 48 | 0.37 top0.23
(13,12)    71   56   39 |  64, 48, 48 | 0.44 top0.36
(14,12)    44   34   26 |   0,  0,  0 | 1.00 top0.50
(15,12)    44   34   26 |   0,  0,  0 | 1.00 top0.50
(16,12)    72   58   40 |  32, 32,  0 | 0.44 top0.33
(18,12)    88   70   50 |  48, 32, 32 | 0.30 top0.45
(19,12)    80   63   44 |  48, 32, 32 | 0.30 top0.45
(20,12)    93   85   73 |   0,  0,  0 | 0.05 top0.58
(21,12)    50   43   40 |   0,  0,  0 | 0.24 top0.58
(22,12)    61   58   54 |  32, 32, 32 | 0.57 top0.57
(23,12)    61   58   53 |  32, 32, 32 | 0.52 top0.59
(30,12)   170  143   93 | 176,144,112 | 1.00 top0.23
(31,12)   126  118   57 |  80, 96, 16 | 1.00 top0.15
( 0,13)    94   76   40 |  80, 64, 16 | 1.00 top0.39
( 1,13)    94   76   39 |  80, 64, 16 | 1.00 top0.40
( 2,13)    94   76   39 |  80, 64, 16 | 1.00 top0.40
( 3,13)    93   76   39 |  80, 64, 16 | 1.00 top0.41
( 4,13)    94   76   39 |  80, 64, 16 | 1.00 top0.40
( 5,13)    94   76   40 |  80, 64, 16 | 1.00 top0.39
( 6,13)    83   73   53 |  64, 48, 32 | 1.00 top0.38
( 7,13)    80   71   52 |  64, 48, 32 | 1.00 top0.41
( 8,13)   174  137   88 | 160,128, 64 | 0.26 top0.27
( 9,13)   154  120   85 | 208,160, 96 | 0.69 top0.24
(10,13)   160  123   82 | 160,128, 64 | 0.93 top0.27
(11,13)   125   95   67 |  96, 80, 64 | 0.20 top0.62
(13,13)    96   86   69 |  96, 80, 48 | 0.60 top0.31
(14,13)    12   11   11 |   0,  0,  0 | 1.00 top0.75
(15,13)    11   10   10 |   0,  0,  0 | 1.00 top0.82
(16,13)    84   70   47 |  96, 80, 48 | 0.44 top0.42
(18,13)    82   59   35 |  96, 64, 32 | 0.29 top0.45
(19,13)    81   59   35 |  48, 32, 32 | 0.24 top0.40
(21,13)    47   40   38 |   0,  0,  0 | 0.25 top0.50
(22,13)    67   64   59 |  48, 48, 48 | 0.88 top0.71
(23,13)    88   84   79 |  80, 80, 80 | 0.69 top0.67
(24,13)   141  107   69 | 176,144, 96 | 0.03 top0.38
(25,13)   101   81   62 |  32, 48, 64 | 0.50 top0.20
(26,13)    95   77   64 | 112, 80, 32 | 0.50 top0.20
(27,13)    91   73   53 |  32, 32, 32 | 0.06 top0.47
(28,13)   122  127   67 |  64, 64, 64 | 0.18 top0.29
(29,13)   114  119   65 |  64, 64, 64 | 0.19 top0.35
(30,13)   169  146   94 | 176,144,112 | 1.00 top0.23
(31,13)   110  102   47 |  32, 48, 32 | 1.00 top0.20
( 0,14)    95   80   49 |  80, 64, 16 | 1.00 top0.20
( 1,14)    90   77   52 |  32, 32, 32 | 1.00 top0.28
( 2,14)    94   81   54 |  64, 48, 32 | 1.00 top0.19
( 3,14)    90   78   52 |  32, 32, 32 | 1.00 top0.28
( 4,14)    95   82   55 |  64, 48, 32 | 1.00 top0.19
( 5,14)    89   75   46 |  32, 32, 32 | 1.00 top0.22
( 6,14)    77   69   51 |  64, 48, 32 | 1.00 top0.42
( 7,14)    74   66   49 |  64, 48, 32 | 1.00 top0.39
( 8,14)   191  149   91 | 160,128, 64 | 0.34 top0.42
( 9,14)   155  145  135 | 224,224,224 | 1.00 top0.20
(10,14)   160  145  129 | 224,224,224 | 1.00 top0.15
(11,14)   165  125   75 | 160,128, 64 | 0.42 top0.37
(13,14)    91   80   61 |  96, 80, 48 | 0.63 top0.27
(14,14)    34   31   31 |  48, 32, 32 | 1.00 top0.42
(15,14)    32   29   29 |  16, 16, 16 | 1.00 top0.40
(16,14)    88   74   49 |  96, 80, 48 | 0.44 top0.38
(21,14)    48   41   39 |   0,  0,  0 | 0.25 top0.50
(22,14)    67   64   59 |  48, 48, 48 | 0.86 top0.72
(23,14)    86   83   79 |  80, 80, 80 | 0.67 top0.83
(24,14)   156  116   64 | 144,112, 48 | 0.06 top0.56
(25,14)    55   72   89 |  32, 48, 64 | 1.00 top0.40
(26,14)    53   69   87 |  32, 48, 64 | 1.00 top0.41
(27,14)    96   76   50 |  32, 32, 32 | 0.12 top0.50
(28,14)   123   90   60 | 112, 64, 32 | 1.00 top0.26
(29,14)   123   89   59 | 112, 64, 32 | 1.00 top0.25
(30,14)   135  115   59 | 112, 64, 32 | 1.00 top0.23
(31,14)   109   98   48 |  32, 48, 32 | 1.00 top0.17
( 0,15)    95   77   40 |  80, 64, 16 | 0.84 top0.40
( 1,15)    96   77   40 |  80, 64, 16 | 0.84 top0.44
( 2,15)    96   78   40 |  80, 64, 16 | 0.81 top0.40
( 3,15)    95   77   40 |  80, 64, 16 | 0.80 top0.43
( 4,15)    95   77   39 |  80, 64, 16 | 0.82 top0.45
( 5,15)    93   76   39 |  80, 64, 16 | 0.78 top0.41
( 6,15)    81   72   53 |  64, 48, 32 | 0.90 top0.36
( 7,15)    79   70   52 |  64, 48, 32 | 0.88 top0.37
( 8,15)   192  151   91 | 160,128, 64 | 0.16 top0.39
( 9,15)   179  150  115 | 208,160, 96 | 0.96 top0.28
(10,15)   150  130  110 |  96, 80, 64 | 0.96 top0.22
(11,15)   136  102   65 | 128, 96, 48 | 0.35 top0.46
(13,15)    85   72   46 |  96, 80, 48 | 0.44 top0.42
(14,15)    78   66   63 |  48, 48, 48 | 1.00 top0.32
(15,15)    81   68   65 |  96, 80, 64 | 1.00 top0.33
(16,15)    83   71   45 |  96, 80, 48 | 0.44 top0.43
(21,15)    43   37   35 |   0,  0,  0 | 0.21 top0.56
(22,15)    66   62   57 |  48, 48, 48 | 0.57 top0.67
(23,15)    81   78   74 |  80, 80, 80 | 0.39 top0.80
(24,15)   148  113   73 | 144,112, 48 | 0.03 top0.38
(25,15)   116   98   76 | 144,112, 48 | 0.56 top0.15
(26,15)   110   93   76 | 112, 80, 32 | 0.56 top0.18
(27,15)    82   67   50 |  32, 32, 32 | 0.07 top0.56
(28,15)   136  103   65 | 112, 64, 32 | 1.00 top0.29
(29,15)   140  105   67 | 160,112, 48 | 1.00 top0.28
(30,15)   136  113   62 | 160,112, 48 | 1.00 top0.25
(31,15)   103   88   46 |  32, 48, 32 | 1.00 top0.18
( 0,16)    54   51   50 |  48, 48, 48 | 1.00 top0.56
( 1,16)    65   59   50 |  48, 48, 48 | 1.00 top0.30
( 4,16)    67   62   55 |  32, 32, 32 | 1.00 top0.19
( 5,16)    71   68   68 |  80, 80, 80 | 1.00 top0.34
( 9,16)   184  141   85 | 208,160, 96 | 0.25 top0.45
(10,16)   145  114   82 | 208,160, 96 | 0.99 top0.24
(11,16)   110   81   69 |  80, 48, 64 | 0.11 top0.39
(13,16)    71   56   39 |  64, 48, 48 | 0.44 top0.36
(14,16)   146  138   98 | 208,192,112 | 1.00 top0.24
(15,16)   154  146  103 | 208,192,112 | 1.00 top0.31
(16,16)    97   67   58 |  64, 32, 48 | 0.35 top0.70
(17,16)    97   67   57 |  64, 32, 48 | 0.32 top0.69
(18,16)    98   78   60 |  32, 32, 32 | 0.53 top0.30
(19,16)    89   73   62 |  32, 32, 32 | 0.56 top0.27
(20,16)    83   67   57 |  32, 32, 32 | 0.19 top0.40
(21,16)    76   71   70 |  32, 32, 32 | 0.16 top0.24
(30,16)    98  101  103 |  80, 80, 96 | 0.36 top0.31
(31,16)    61   64   69 |  32, 32, 32 | 0.50 top0.34
( 0,17)    67   60   51 |  48, 48, 48 | 1.00 top0.30
( 1,17)    80   71   52 |  64, 48, 32 | 1.00 top0.41
( 4,17)    82   72   53 |  64, 48, 32 | 1.00 top0.36
( 5,17)    66   61   55 |  64, 48, 32 | 1.00 top0.21
( 8,17)   158  120   72 | 128, 96, 48 | 0.20 top0.44
( 9,17)   174  133   78 | 128, 96, 48 | 0.32 top0.36
(10,17)   184  144   90 | 208,160, 96 | 0.97 top0.34
(11,17)   104   81   76 |  80, 48, 64 | 0.28 top0.38
(13,17)    87   73   48 |  96, 80, 48 | 0.44 top0.48
(14,17)   219  213  140 | 208,192,112 | 1.00 top0.53
(15,17)   201  193  127 | 208,192,112 | 1.00 top0.54
(16,17)   156  116   70 | 128, 96, 32 | 0.31 top0.28
(17,17)   164  127   84 | 112, 48, 48 | 0.28 top0.17
(18,17)    62   68   77 |  32, 48, 64 | 0.94 top0.33
(19,17)    60   70   82 |  32, 48, 64 | 1.00 top0.36
(20,17)    73   77   79 |  32, 48, 64 | 0.50 top0.32
(21,17)    65   72   81 |  32, 48, 64 | 0.44 top0.27
(22,17)    83   76   70 |  32, 32, 32 | 0.33 top0.29
(23,17)    67   71   76 |  32, 32, 32 | 0.38 top0.25
(24,17)    87   91   90 |  64, 64, 64 | 0.32 top0.46
(25,17)    96  100   98 |  64, 64, 64 | 0.23 top0.53
(30,17)    71   74   78 |  32, 32, 32 | 0.39 top0.28
(31,17)    71   74   79 |  32, 32, 32 | 0.65 top0.31
( 0,18)    87   73   43 |  80, 64, 16 | 1.00 top0.26
( 1,18)    90   75   45 |  80, 64, 16 | 1.00 top0.23
( 2,18)    85   73   47 |  64, 48, 32 | 1.00 top0.27
( 3,18)    84   71   46 |  64, 48, 32 | 1.00 top0.24
( 4,18)    87   73   43 |  80, 64, 16 | 1.00 top0.27
( 5,18)    88   74   43 |  80, 64, 16 | 1.00 top0.24
( 6,18)    81   71   52 |  64, 48, 32 | 1.00 top0.35
( 7,18)    78   69   51 |  32, 32, 32 | 1.00 top0.29
( 8,18)   124   97   63 |  32, 32, 32 | 0.34 top0.32
( 9,18)   138  113   86 | 128, 96, 48 | 0.97 top0.14
(10,18)   142  115   87 | 112, 96, 80 | 1.00 top0.19
(11,18)   119   97   79 | 112, 96, 80 | 0.85 top0.21
(13,18)    87   74   49 |  96, 80, 48 | 0.44 top0.45
(16,18)    84   82   79 | 112, 80, 32 | 0.94 top0.22
(17,18)    83   86   84 | 112, 80, 32 | 1.00 top0.17
(18,18)    85   82   78 | 112, 80, 32 | 0.94 top0.22
(19,18)    83   86   84 | 112, 80, 32 | 1.00 top0.17
(20,18)    69   80   86 |  32, 48, 64 | 0.50 top0.26
(21,18)    63   77   86 |  32, 80,112 | 0.44 top0.21
(22,18)    77   82   82 |  32, 48, 64 | 0.41 top0.19
(23,18)    68   78   86 |  32, 32, 32 | 0.47 top0.23
(24,18)    76   80   81 |  64, 64, 64 | 0.36 top0.45
(25,18)    90   93   93 |  64, 64, 64 | 0.26 top0.50
(26,18)   156  122   83 | 128, 96, 32 | 0.46 top0.20
(27,18)   155  121   83 | 128, 96, 48 | 0.47 top0.24
(28,18)   155  121   83 | 128, 96, 48 | 0.47 top0.24
(29,18)   155  122   83 | 128, 96, 32 | 0.46 top0.20
(30,18)    98  101  103 |  80, 80, 96 | 0.63 top0.30
(31,18)    58   60   64 |  32, 32, 32 | 0.55 top0.43
( 0,19)    90   76   45 |  80, 64, 16 | 1.00 top0.27
( 1,19)    80   71   52 |  64, 48, 32 | 1.00 top0.40
( 2,19)    83   73   53 |  64, 48, 32 | 1.00 top0.38
( 3,19)    80   71   52 |  64, 48, 32 | 1.00 top0.41
( 4,19)    82   73   53 |  64, 48, 32 | 1.00 top0.34
( 5,19)    87   73   43 |  80, 64, 16 | 1.00 top0.29
( 6,19)    83   73   53 |  64, 48, 32 | 1.00 top0.38
( 7,19)    80   71   52 |  64, 48, 32 | 1.00 top0.36
( 8,19)   123   96   63 |  32, 32, 32 | 0.48 top0.30
( 9,19)   102   89   79 |  32, 32, 32 | 0.38 top0.30
(10,19)    78   66   56 |  32, 32, 32 | 0.15 top0.42
(11,19)   102   81   57 |  32, 32, 32 | 0.33 top0.36
(13,19)    85   72   46 |  96, 80, 48 | 0.44 top0.42
(16,19)   111   92   71 | 112, 80, 32 | 0.67 top0.19
(17,19)   100   80   62 | 112, 80, 32 | 0.70 top0.32
(18,19)    64   49   56 |  80, 48, 64 | 0.11 top0.52
(19,19)    62   48   54 |  32, 32, 32 | 0.12 top0.53
(20,19)    95   84   78 |  80, 48, 64 | 0.12 top0.26
(21,19)    78   70   68 |  32, 32, 32 | 0.11 top0.36
(24,19)    67   70   73 |  32, 32, 32 | 0.46 top0.38
(25,19)    87   90   91 |  64, 64, 64 | 0.43 top0.41
(26,19)   132  117  103 | 112, 48, 48 | 0.48 top0.19
(27,19)   127   95   64 | 128, 96, 48 | 0.02 top0.67
(28,19)   127   95   64 | 128, 96, 48 | 0.02 top0.67
(29,19)   132  117  103 | 112, 48, 48 | 0.48 top0.19
(30,19)    78   81   83 |  32, 32, 32 | 0.59 top0.25
(31,19)    61   64   67 |  32, 32, 32 | 0.87 top0.42
( 0,20)    87   74   47 |  64, 48, 32 | 1.00 top0.29
( 1,20)    77   68   50 |  64, 48, 32 | 1.00 top0.29
( 2,20)    81   71   52 |  64, 48, 32 | 1.00 top0.35
( 3,20)    77   68   50 |  64, 48, 32 | 1.00 top0.29
( 4,20)    81   71   52 |  64, 48, 32 | 1.00 top0.35
( 5,20)    82   70   45 |  64, 48, 32 | 1.00 top0.25
( 6,20)    72   64   48 |  32, 32, 32 | 1.00 top0.38
( 7,20)    77   68   51 |  64, 48, 32 | 1.00 top0.29
(16,20)    72   58   42 | 112, 64, 32 | 0.01 top0.50
(17,20)    37   40   44 |  32, 32, 32 | 0.06 top0.94
(18,20)    37   40   44 |  32, 32, 32 | 0.06 top0.94
(19,20)    72   58   42 |  32, 32, 32 | 0.01 top0.50
(20,20)    41   42   44 |  32, 32, 32 | 0.04 top0.89
(21,20)    41   42   44 |  32, 32, 32 | 0.04 top0.89
(22,20)   148  111   66 | 144,112, 48 | 0.13 top0.35
(23,20)   141  106   62 | 112, 80, 32 | 0.13 top0.27
( 0,21)    86   73   47 |  64, 48, 32 | 1.00 top0.29
( 1,21)    80   71   52 |  64, 48, 32 | 1.00 top0.41
( 2,21)    83   73   53 |  64, 48, 32 | 1.00 top0.38
( 3,21)    80   71   52 |  64, 48, 32 | 1.00 top0.41
( 4,21)    83   73   53 |  64, 48, 32 | 1.00 top0.38
( 5,21)    85   73   47 |  64, 48, 32 | 1.00 top0.33
( 6,21)    83   73   53 |  64, 48, 32 | 1.00 top0.37
( 7,21)    76   67   50 |  64, 48, 32 | 1.00 top0.37
(10,21)   166  125   76 | 160,128, 64 | 0.36 top0.27
(11,21)   166  125   74 | 160,128, 64 | 0.44 top0.28
(12,21)   167  126   76 | 208,160, 96 | 0.44 top0.27
(13,21)   167  126   76 | 160,128, 64 | 0.41 top0.29
(14,21)   106   81   57 |  32, 32, 32 | 0.34 top0.27
(15,21)   102   81   58 |  32, 32, 32 | 0.37 top0.23
(16,21)    88   89   78 | 112, 80, 32 | 0.12 top0.28
(17,21)    51   67   83 |  32, 48, 64 | 1.00 top0.39
(18,21)    51   67   83 |  32, 48, 64 | 1.00 top0.38
(19,21)    85   90   80 |  32, 80,112 | 0.12 top0.25
(20,21)    54   65   77 |  32, 48, 64 | 0.56 top0.31
(21,21)    56   73   88 |  32, 48, 64 | 0.56 top0.40
(22,21)    94   81   66 |  32, 48, 64 | 1.00 top0.20
(23,21)   104   89   71 |  32, 48, 64 | 1.00 top0.20
( 0,22)    88   74   45 |  64, 48, 32 | 1.00 top0.29
( 1,22)    80   69   48 |  64, 48, 32 | 1.00 top0.30
( 2,22)    81   71   48 |  64, 48, 32 | 1.00 top0.38
( 3,22)    80   70   48 |  64, 48, 32 | 1.00 top0.30
( 4,22)    82   71   49 |  64, 48, 32 | 1.00 top0.38
( 5,22)    84   71   44 |  64, 48, 32 | 1.00 top0.25
( 6,22)    81   69   44 |  64, 48, 32 | 1.00 top0.26
( 7,22)    79   67   43 |  64, 48, 32 | 1.00 top0.24
( 8,22)   137  100   55 | 128, 96, 48 | 0.27 top0.50
( 9,22)   137  100   55 | 128, 96, 48 | 0.37 top0.40
(10,22)   134   99   56 | 128, 96, 48 | 0.70 top0.46
(11,22)   137  101   57 | 128, 96, 48 | 0.81 top0.50
(12,22)   137  102   57 | 128, 96, 48 | 0.81 top0.51
(13,22)   134   99   57 | 128, 96, 48 | 0.82 top0.45
(14,22)    81   84   76 |  32, 48, 64 | 0.69 top0.26
(15,22)    76   83   80 |  32, 48, 64 | 0.75 top0.26
(16,22)   111  108   90 | 144,112, 48 | 0.04 top0.30
(17,22)    85   98  103 |  32, 48, 80 | 0.31 top0.20
(18,22)    84   97  102 |  32, 48, 80 | 0.31 top0.21
(19,22)   116  116   96 | 144,112, 48 | 0.04 top0.40
(20,22)    87   95   97 |  32, 48, 80 | 0.18 top0.24
(21,22)    89  103  106 |  32, 48, 64 | 0.18 top0.20
(22,22)   108   92   71 | 128, 96, 48 | 0.84 top0.16
(23,22)   111   93   70 | 128, 96, 48 | 0.84 top0.17
(25,22)   140  106   60 | 128, 96, 48 | 0.01 top1.00
(26,22)   148  119   60 | 128, 96, 48 | 0.20 top0.65
(27,22)   136  103   63 | 128, 96, 48 | 0.18 top0.64
(28,22)   125   95   64 | 128, 96, 48 | 0.13 top0.55
(29,22)   118   96   64 |  96, 80, 64 | 0.18 top0.70
(30,22)   124   94   64 | 128, 96, 48 | 0.30 top0.53
(31,22)   127  112   57 |  96, 80, 64 | 0.28 top0.36
( 0,23)    94   76   40 |  80, 64, 16 | 1.00 top0.39
( 1,23)    94   76   39 |  80, 64, 16 | 1.00 top0.40
( 2,23)    94   76   39 |  80, 64, 16 | 1.00 top0.40
( 3,23)    93   76   39 |  80, 64, 16 | 1.00 top0.41
( 4,23)    94   76   39 |  80, 64, 16 | 1.00 top0.40
( 5,23)    94   76   40 |  80, 64, 16 | 1.00 top0.39
( 6,23)    83   73   53 |  64, 48, 32 | 1.00 top0.38
( 7,23)    80   71   52 |  64, 48, 32 | 1.00 top0.41
( 8,23)   108   76   41 |  96, 64, 16 | 0.55 top0.22
( 9,23)    94   69   40 |  32, 32, 32 | 0.83 top0.29
(10,23)    96   68   37 |  96, 64, 16 | 0.55 top0.25
(11,23)    89   64   38 |  32, 32, 32 | 0.62 top0.30
(12,23)    89   64   38 |  32, 32, 32 | 0.62 top0.30
(13,23)    89   63   36 |  32, 32, 32 | 0.70 top0.29
(14,23)   111   93   57 |  32, 32, 32 | 0.68 top0.17
(15,23)   100   86   55 |  32, 32, 32 | 0.80 top0.30
(24,23)   148  112   62 | 128, 96, 48 | 0.03 top0.75
(25,23)   152  115   69 | 128, 96, 48 | 0.21 top0.45
(26,23)   108   82   68 |  96, 80, 64 | 0.00 top1.00
(27,23)   154  117   70 | 128, 96, 48 | 0.39 top0.35
(28,23)   120   89   70 |  96, 80, 64 | 0.50 top0.34
(29,23)   136  102   65 | 128, 96, 48 | 0.10 top0.46
(30,23)   119   88   68 |  96, 80, 64 | 0.51 top0.35
(31,23)   121   97   65 |  96, 80, 64 | 0.14 top0.59
( 0,24)    88   74   45 |  64, 48, 32 | 1.00 top0.30
( 1,24)    80   69   48 |  64, 48, 32 | 1.00 top0.30
( 2,24)    81   71   48 |  64, 48, 32 | 1.00 top0.38
( 3,24)    80   70   48 |  64, 48, 32 | 1.00 top0.30
( 4,24)    82   71   49 |  64, 48, 32 | 1.00 top0.35
( 5,24)    84   71   44 |  64, 48, 32 | 1.00 top0.25
( 6,24)    80   69   47 |  64, 48, 32 | 1.00 top0.38
( 7,24)    78   68   46 |  64, 48, 32 | 1.00 top0.30
( 8,24)   127   92   50 | 128, 96, 48 | 0.81 top0.39
( 9,24)   118   86   49 | 128, 96, 48 | 0.60 top0.31
(14,24)   105  121   52 |  96,112, 48 | 0.09 top0.45
(15,24)   112  123   52 | 144,128, 48 | 0.32 top0.30
(16,24)   131  137   58 | 144,128, 48 | 0.04 top0.44
(18,24)    90   87   47 |  64, 64, 32 | 0.65 top0.38
(19,24)    85   81   45 |  64, 64, 32 | 0.57 top0.40
(24,24)   150  139   54 | 128, 96, 48 | 0.15 top0.36
(25,24)   169  129   75 | 128, 96, 48 | 0.11 top0.45
(26,24)   153  116   73 |  96, 80, 64 | 0.38 top0.28
(27,24)   157  119   76 | 208,160, 96 | 0.39 top0.27
(28,24)   131   99   73 |  96, 80, 64 | 0.44 top0.31
(29,24)   141  107   74 | 160,128, 64 | 0.37 top0.36
(30,24)   111   82   68 |  96, 80, 64 | 0.22 top0.41
(31,24)   122   92   64 |  96, 80, 64 | 0.06 top0.56
( 0,25)    95   77   40 |  80, 64, 16 | 0.84 top0.40
( 1,25)    96   77   40 |  80, 64, 16 | 0.84 top0.44
( 2,25)    96   78   40 |  80, 64, 16 | 0.81 top0.40
( 3,25)    95   77   40 |  80, 64, 16 | 0.80 top0.43
( 4,25)    95   77   39 |  80, 64, 16 | 0.82 top0.45
( 5,25)    93   76   39 |  80, 64, 16 | 0.78 top0.41
( 6,25)    90   72   36 |  80, 64, 16 | 1.00 top0.40
( 7,25)    90   73   36 |  80, 64, 16 | 1.00 top0.41
( 8,25)    88   63   36 |  32, 32, 32 | 0.32 top0.30
( 9,25)    79   57   34 |  32, 32, 32 | 0.29 top0.41
(10,25)   135   97   51 | 128, 96, 48 | 0.71 top0.45
(11,25)   133   96   52 | 128, 96, 48 | 0.88 top0.41
(12,25)   126   89   47 | 112, 64, 32 | 0.88 top0.52
(13,25)   116   82   44 | 112, 64, 32 | 0.77 top0.50
(14,25)   105  119   50 |  64, 80, 32 | 0.09 top0.39
(15,25)    93  102   47 | 144,128, 48 | 0.44 top0.23
(16,25)    96  105   48 |  96,112, 48 | 0.42 top0.21
(17,25)    90  106   49 |  96,112, 48 | 0.07 top0.41
(18,25)   111   87   46 |  96, 64, 16 | 0.68 top0.15
(19,25)    83   63   34 |  80, 48, 16 | 0.77 top0.20
(20,25)    86   72   61 |  32, 32, 32 | 0.25 top0.32
(21,25)    83   69   60 |  32, 32, 32 | 0.29 top0.35
(27,25)   140  105   70 | 128, 96, 48 | 0.47 top0.30
(28,25)   137  104   72 | 160,128, 64 | 0.55 top0.25
(29,25)   140  105   74 | 128, 96, 48 | 0.44 top0.21
(30,25)   122   92   66 | 128, 96, 48 | 0.38 top0.43
(31,25)   118   98   62 | 128, 96, 48 | 0.29 top0.30
( 0,26)    82   76   70 |  48, 48, 32 | 0.56 top0.34
( 1,26)    74   73   68 |  48, 48, 32 | 0.56 top0.30
( 2,26)    82   75   70 |  48, 48, 32 | 0.55 top0.34
( 3,26)    74   74   69 |  48, 48, 32 | 0.55 top0.31
( 4,26)    50   38   25 |  48, 32, 16 | 0.61 top0.67
( 5,26)    53   41   27 |  48, 32, 16 | 0.61 top0.51
( 6,26)    67  106   88 |  48, 32, 16 | 0.42 top0.31
( 7,26)    75  113   93 |  48, 32, 16 | 0.47 top0.29
( 8,26)    36   32   30 |  16,  0,  0 | 0.19 top0.60
( 9,26)    55   50   47 |  16,  0,  0 | 0.30 top0.42
(10,26)   133   96   51 | 128, 96, 48 | 0.81 top0.51
(11,26)   129   94   50 | 112, 64, 32 | 1.00 top0.43
(12,26)   124   89   47 | 112, 64, 32 | 1.00 top0.60
(13,26)   103   74   41 | 112, 64, 32 | 1.00 top0.55
(14,26)   106  113   47 | 144,128, 48 | 0.55 top0.30
(15,26)    95  103   45 |  64, 80, 32 | 0.55 top0.28
(16,26)   129  108   65 |  80, 48, 16 | 0.82 top0.24
(17,26)   116  112   53 |  96,112, 48 | 0.30 top0.18
(18,26)   123   98   69 |  48, 48, 64 | 0.79 top0.18
(19,26)   107   82   57 |  96, 64, 16 | 0.78 top0.26
(20,26)    68   83   89 |  32, 48, 64 | 0.81 top0.27
(21,26)    68   78   85 |  32, 48, 64 | 0.94 top0.24
(22,26)   137  115   91 | 128, 96, 32 | 0.68 top0.17
(23,26)   137  115   90 | 128, 96, 32 | 0.68 top0.17
(24,26)   148  112   64 | 128, 96, 48 | 0.21 top0.51
(25,26)   151  115   72 |  96, 80, 64 | 0.36 top0.29
(26,26)   136  103   67 | 160,128, 64 | 0.30 top0.31
(27,26)   152  115   75 | 160,128, 64 | 0.57 top0.31
(28,26)   132  100   71 | 128, 96, 48 | 0.95 top0.27
(29,26)   136  102   72 | 160,128, 64 | 0.40 top0.26
(30,26)   106   82   71 |  96, 80, 64 | 0.12 top0.30
( 0,27)    74   69   65 |  16, 16, 16 | 0.38 top0.26
( 1,27)    73   69   66 |  16, 16, 16 | 0.38 top0.27
( 2,27)    75   69   66 |  16, 16, 16 | 0.38 top0.26
( 3,27)    73   69   66 |  16, 16, 16 | 0.38 top0.27
( 4,27)    53   41   27 |  48, 32, 16 | 0.82 top0.67
( 5,27)    57   45   30 |  48, 32, 16 | 0.82 top0.54
( 6,27)    77   65   43 |  48, 32, 16 | 0.56 top0.35
( 7,27)    95   81   53 |  48, 32, 16 | 0.62 top0.35
( 8,27)    38   34   32 |  16,  0,  0 | 0.13 top0.59
( 9,27)    58   53   49 |  16,  0,  0 | 0.26 top0.33
(10,27)    95   67   36 |  96, 64, 16 | 0.58 top0.22
(11,27)    78   57   35 |  32, 32, 32 | 0.75 top0.39
(12,27)    77   56   35 |  32, 32, 32 | 0.75 top0.39
(13,27)    75   56   36 |  32, 32, 32 | 0.82 top0.43
(14,27)   103  111   48 | 144,128, 48 | 0.56 top0.25
(15,27)    79   87   41 |  64, 48, 16 | 0.70 top0.24
(16,27)   131  104   55 |  80, 48, 16 | 0.18 top0.28
(17,27)   113   94   48 |  80, 48, 16 | 0.83 top0.16
(18,27)   107   82   56 |  48, 48, 64 | 0.68 top0.18
(19,27)    87   66   45 |  32, 32, 32 | 0.84 top0.25
(20,27)    84   86   85 | 144,112, 48 | 0.30 top0.18
(21,27)    80   81   80 |  32, 32, 32 | 0.35 top0.24
(22,27)   150  119   81 | 128, 96, 48 | 0.48 top0.30
(23,27)   150  118   83 | 128, 96, 48 | 0.51 top0.25
(27,27)   168  127   76 | 128, 96, 48 | 0.68 top0.32
(28,27)   132  101   74 |  96, 80, 64 | 0.58 top0.26
(29,27)    70   70   70 |  64, 64, 64 | 0.27 top1.00
(30,27)    70   70   70 |  64, 64, 64 | 0.41 top1.00
(31,27)    70   70   70 |  64, 64, 64 | 0.24 top1.00
( 1,28)   172  136   94 | 176,144,112 | 0.53 top0.44
( 2,28)   144  101   71 | 112, 48, 48 | 0.55 top0.43
( 5,28)    37   32   29 |  16, 16, 16 | 0.19 top0.62
( 6,28)    37   31   28 |  16, 16, 16 | 0.86 top0.58
( 7,28)    29   24   23 |  16, 16, 16 | 0.12 top0.80
( 8,28)    17   15   15 |  16,  0,  0 | 0.06 top1.00
( 9,28)    66   60   57 |  16,  0,  0 | 0.19 top0.33
(10,28)    99  107   44 |  64, 48, 16 | 0.39 top0.30
(11,28)    82   93   39 |  64, 48, 16 | 0.28 top0.38
(12,28)   161  122   65 | 160,128, 64 | 0.09 top0.65
(13,28)   141  106   67 | 160,128, 64 | 0.19 top0.41
(14,28)   137  103   66 | 128, 96, 48 | 0.23 top0.35
(15,28)   120   90   66 |  96, 80, 64 | 0.11 top0.45
(16,28)   109  118   43 |  80, 96, 16 | 0.60 top0.26
(17,28)   108  107   47 |  32, 48, 32 | 0.45 top0.22
(18,28)   105  102  100 |  48, 48, 64 | 0.11 top0.34
(19,28)    93   89   88 |  48, 48, 64 | 0.11 top0.37
(20,28)   179  145   96 | 176,144,112 | 0.53 top0.36
(21,28)   156  119   76 | 160,112, 48 | 0.48 top0.33
(22,28)   149  117   79 | 128, 96, 48 | 0.48 top0.34
(23,28)   111   83   70 |  96, 80, 64 | 0.25 top0.41
(24,28)   109  118   43 |  80, 96, 16 | 0.60 top0.26
(25,28)   108  107   47 |  32, 48, 32 | 0.45 top0.22
(26,28)   153  126   89 | 128,112, 80 | 0.01 top0.67
(27,28)   169  131   80 | 208,160, 96 | 0.59 top0.32
(28,28)   110   88   70 |  96, 80, 64 | 0.54 top0.21
(29,28)    70   70   70 |  64, 64, 64 | 0.40 top0.99
(30,28)    70   70   70 |  64, 64, 64 | 0.74 top1.00
(31,28)    70   70   70 |  64, 64, 64 | 0.12 top1.00
( 0,29)   161  127   89 | 128, 96, 32 | 0.40 top0.33
( 1,29)   162  131   93 | 176,144,112 | 1.00 top0.33
( 2,29)   124   86   68 | 112, 48, 48 | 0.98 top0.55
( 3,29)   144  112   69 | 128, 96, 32 | 0.41 top0.35
( 4,29)    51   47   46 |  32, 32, 32 | 0.20 top0.47
( 5,29)    53   48   46 |  16, 16, 16 | 0.62 top0.35
( 6,29)    42   38   36 |  16, 16, 16 | 0.62 top0.49
( 7,29)    45   37   33 |  16, 16, 16 | 0.05 top0.42
( 8,29)    17   15   15 |  16,  0,  0 | 0.06 top1.00
( 9,29)    53   48   45 |  48, 32, 32 | 0.19 top0.33
(10,29)   118  121   83 |  64, 48, 16 | 0.80 top0.21
(11,29)   113  115   84 | 144,128,128 | 0.73 top0.20
(12,29)   161  122   65 | 160,128, 64 | 0.08 top0.67
(13,29)   144  108   66 | 160,128, 64 | 0.58 top0.40
(14,29)   126   94   67 | 128, 96, 48 | 0.41 top0.35
(15,29)   119   90   65 |  96, 80, 64 | 0.02 top0.67
(16,29)   124  111   54 | 160,128, 64 | 0.70 top0.23
(17,29)   113  103   53 | 128, 96, 48 | 0.51 top0.18
(18,29)   132  101   64 | 160,112, 64 | 0.89 top0.21
(19,29)   111   81   49 |  96, 64, 16 | 0.88 top0.31
(20,29)   177  143   94 | 176,144,112 | 0.80 top0.39
(21,29)   156  117   72 | 160,112, 48 | 0.73 top0.35
(22,29)   135  102   73 | 128, 96, 48 | 0.43 top0.31
(23,29)   138  104   71 | 128, 96, 48 | 0.46 top0.26
(24,29)   124  111   54 | 160,128, 64 | 0.70 top0.23
(25,29)   113  103   53 | 128, 96, 48 | 0.51 top0.18
(26,29)   153  136   84 | 128,112, 80 | 0.65 top0.25
(27,29)   151  128   71 | 160,128, 64 | 1.00 top0.20
(28,29)   110   96   67 |  96, 80, 64 | 1.00 top0.21
(29,29)   100   89   66 |  64, 64, 64 | 0.99 top0.36
(30,29)    70   70   70 |  64, 64, 64 | 0.16 top1.00
( 0,30)   168  143   99 | 224,192,144 | 0.84 top0.24
( 1,30)   122  138  108 |  64, 96, 96 | 1.00 top0.25
( 2,30)   126  138  123 |  64, 96, 96 | 1.00 top0.18
( 3,30)   130  104   79 | 112, 48, 48 | 0.98 top0.23
( 4,30)    47   44   43 |  48, 48, 48 | 0.56 top0.39
( 5,30)    40   36   35 |  16, 16, 16 | 1.00 top0.54
( 6,30)    47   43   42 |  16, 16, 16 | 1.00 top0.45
( 7,30)    34   29   27 |  16, 16, 16 | 0.12 top0.50
( 8,30)    17   15   15 |  16,  0,  0 | 0.06 top1.00
( 9,30)    64   58   54 |  48, 32, 32 | 0.19 top0.33
(10,30)   171  169  167 | 192,192,192 | 0.37 top0.42
(11,30)   162  160  158 | 192,192,192 | 0.37 top0.40
(13,30)   116   91   68 |  48, 48, 64 | 0.79 top0.17
(14,30)    95   74   57 |  96, 64, 16 | 0.66 top0.23
(15,30)    70   70   70 |  64, 64, 64 | 0.09 top1.00
(16,30)   117   93   68 |  48, 48, 64 | 0.79 top0.18
(17,30)   100   76   56 |  96, 64, 16 | 0.81 top0.21
(18,30)   124   92   56 |  96, 64, 16 | 0.86 top0.22
(19,30)   104   75   45 |  96, 64, 16 | 0.96 top0.29
(20,30)   180  147   97 | 176,144,112 | 0.65 top0.51
(21,30)   158  123   76 | 128, 96, 32 | 0.59 top0.30
(22,30)   171  133   83 | 160,128, 64 | 0.39 top0.35
(23,30)   109   82   72 |  96, 80, 64 | 0.43 top0.32
(24,30)   117   93   68 |  48, 48, 64 | 0.79 top0.18
(25,30)   101   78   58 |  96, 64, 16 | 0.81 top0.21
(26,30)   148  132   79 | 128,112, 80 | 0.81 top0.19
(27,30)   126  114   63 | 128, 96, 48 | 1.00 top0.21
(28,30)    92   95   59 |  96,112, 48 | 1.00 top0.24
(29,30)   112  100   64 |  96, 64, 48 | 0.93 top0.23
(30,30)   129  108   67 |  80, 48, 16 | 0.84 top0.23
(31,30)   119  114   56 |  96,112, 48 | 0.30 top0.18
( 0,31)   136  107   66 | 128, 96, 32 | 0.39 top0.45
( 1,31)   151  115   71 | 128, 96, 32 | 0.96 top0.34
( 2,31)   139  100   62 | 128, 96, 32 | 0.98 top0.31
( 3,31)    88   66   48 |  32, 32, 32 | 0.55 top0.49
( 4,31)    53   48   47 |  48, 48, 48 | 0.38 top0.53
( 5,31)    61   55   52 |  48, 48, 48 | 0.98 top0.44
( 6,31)    64   61   60 |  48, 48, 48 | 0.84 top0.55
( 7,31)    45   42   39 |  32, 32, 32 | 0.02 top1.00
( 8,31)    38   33   32 |  16,  0,  0 | 0.20 top0.49
( 9,31)    59   54   51 |  16,  0,  0 | 0.32 top0.37
(10,31)   150  147  144 | 192,192,192 | 0.70 top0.33
(11,31)   120  116  114 | 112, 96, 96 | 0.84 top0.28
(13,31)   109   84   57 |  48, 48, 64 | 0.75 top0.18
(14,31)    91   71   53 |  64, 64, 64 | 0.85 top0.28
(15,31)    70   70   70 |  64, 64, 64 | 0.22 top1.00
(16,31)   102   78   54 |  48, 48, 64 | 0.57 top0.20
(17,31)    81   61   43 |  32, 32, 32 | 0.74 top0.29
(18,31)    62   51   47 |  48, 48, 64 | 0.13 top0.39
(19,31)    51   44   40 |  32, 32, 32 | 0.20 top0.62
(20,31)   170  137   89 | 176,144,112 | 0.75 top0.38
(21,31)   121   92   62 |  32, 32, 32 | 0.86 top0.24
(22,31)   137  106   66 | 128, 96, 48 | 0.55 top0.29
(23,31)   101   79   56 | 128, 96, 48 | 0.73 top0.31
(24,31)   103   79   55 |  48, 48, 64 | 0.57 top0.20
(25,31)    89   70   51 |  64, 64, 64 | 0.74 top0.24
(26,31)   116   92   63 |  96, 64, 48 | 0.12 top0.33
(27,31)   147  122   81 | 176,144, 96 | 0.50 top0.26
(28,31)   127  103   74 | 128,112, 80 | 0.53 top0.34
(29,31)    90   75   60 |  64, 64, 64 | 0.18 top0.37
(30,31)   134  107   58 |  80, 48, 16 | 0.18 top0.28
(31,31)   117   99   53 |  80, 48, 16 | 0.83 top0.16

-- forest_tiles 明细 --
( 0, 0)    52  103   56 |  48, 96, 48 | 1.00 top0.46
( 1, 0)    33   45   77 |  32, 32, 64 | 1.00 top1.00
( 2, 0)    33   45   77 |  32, 32, 64 | 1.00 top1.00
( 3, 0)    33   45   77 |  32, 32, 64 | 1.00 top1.00
( 4, 0)   148  176  124 | 240,240,240 | 1.00 top0.30
( 5, 0)   155  180  137 | 240,240,240 | 1.00 top0.38
( 6, 0)    33   45   77 |  32, 32, 64 | 1.00 top1.00
( 7, 0)    33   45   77 |  32, 32, 64 | 1.00 top1.00
( 8, 0)   191  205  187 | 240,240,240 | 1.00 top0.65
( 9, 0)   195  207  194 | 240,240,240 | 1.00 top0.70
(10, 0)    33   45   77 |  32, 32, 64 | 1.00 top1.00
(11, 0)    33   45   77 |  32, 32, 64 | 1.00 top1.00
(12, 0)   216  224  213 | 240,240,240 | 1.00 top0.79
(13, 0)   230  235  230 | 240,240,240 | 1.00 top0.88
(14, 0)    33   45   77 |  32, 32, 64 | 1.00 top1.00
( 0, 1)    33   45   77 |  32, 32, 64 | 1.00 top1.00
( 1, 1)    56  105   57 |  48, 96, 48 | 1.00 top0.46
( 2, 1)    33   45   77 |  32, 32, 64 | 1.00 top1.00
( 3, 1)    33   45   77 |  32, 32, 64 | 1.00 top1.00
( 4, 1)   177  182  171 | 240,240,240 | 1.00 top0.56
( 5, 1)   164  166  156 | 240,240,240 | 1.00 top0.49
( 6, 1)    33   45   77 |  32, 32, 64 | 1.00 top1.00
( 7, 1)    33   45   77 |  32, 32, 64 | 1.00 top1.00
( 8, 1)   109  137  103 |  16, 64, 48 | 1.00 top0.25
( 9, 1)   132  154  129 | 240,240,240 | 1.00 top0.37
(10, 1)    33   45   77 |  32, 32, 64 | 1.00 top1.00
(11, 1)    33   45   77 |  32, 32, 64 | 1.00 top1.00
(12, 1)   173  184  170 | 240,240,240 | 1.00 top0.57
(13, 1)   202  212  203 | 240,240,240 | 1.00 top0.74
(14, 1)    33   45   77 |  32, 32, 64 | 1.00 top1.00
( 0, 2)   199  188  185 | 240,240,240 | 1.00 top0.59
( 1, 2)    33   45   77 |  32, 32, 64 | 1.00 top1.00
( 2, 2)   205  194  190 | 240,240,240 | 1.00 top0.62
( 3, 2)    33   45   77 |  32, 32, 64 | 1.00 top1.00
( 4, 2)    33   45   77 |  32, 32, 64 | 1.00 top1.00
( 5, 2)    33   45   77 |  32, 32, 64 | 1.00 top1.00
( 6, 2)    33   45   77 |  32, 32, 64 | 1.00 top1.00
( 7, 2)    33   45   77 |  32, 32, 64 | 1.00 top1.00
( 8, 2)   119  144  119 | 240,240,240 | 1.00 top0.32
( 9, 2)   155  170  156 | 240,240,240 | 1.00 top0.51
(10, 2)    33   45   77 |  32, 32, 64 | 1.00 top1.00
(11, 2)    33   45   77 |  32, 32, 64 | 1.00 top1.00
(12, 2)   145  165  145 | 240,240,240 | 1.00 top0.45
(13, 2)   179  194  180 | 240,240,240 | 1.00 top0.63
(14, 2)    33   45   77 |  32, 32, 64 | 1.00 top1.00
( 0, 3)    33   45   77 |  32, 32, 64 | 1.00 top1.00
( 1, 3)   201  189  187 | 240,240,240 | 1.00 top0.61
( 2, 3)    33   45   77 |  32, 32, 64 | 1.00 top1.00
( 3, 3)    33   45   77 |  32, 32, 64 | 1.00 top1.00
( 4, 3)    33   45   77 |  32, 32, 64 | 1.00 top1.00
( 5, 3)    33   45   77 |  32, 32, 64 | 1.00 top1.00
( 6, 3)    33   45   77 |  32, 32, 64 | 1.00 top1.00
( 7, 3)    33   45   77 |  32, 32, 64 | 1.00 top1.00
( 8, 3)   239  235  232 | 240,240,240 | 1.00 top0.85
( 9, 3)   232  228  228 | 240,240,240 | 1.00 top0.86
(10, 3)    33   45   77 |  32, 32, 64 | 1.00 top1.00
(11, 3)    33   45   77 |  32, 32, 64 | 1.00 top1.00
(12, 3)   236  233  231 | 240,240,240 | 1.00 top0.86
(13, 3)   243  241  241 | 240,240,240 | 1.00 top0.93
(14, 3)    33   45   77 |  32, 32, 64 | 1.00 top1.00
( 0, 4)   205  201  207 | 240,240,240 | 1.00 top0.56
( 1, 4)    33   45   77 |  32, 32, 64 | 1.00 top1.00
( 2, 4)   217  215  218 | 240,240,240 | 1.00 top0.70
( 3, 4)    33   45   77 |  32, 32, 64 | 1.00 top1.00
( 4, 4)    33   45   77 |  32, 32, 64 | 1.00 top1.00
( 5, 4)    33   45   77 |  32, 32, 64 | 1.00 top1.00
( 6, 4)    33   45   77 |  32, 32, 64 | 1.00 top1.00
( 7, 4)    33   45   77 |  32, 32, 64 | 1.00 top1.00
( 8, 4)    33   45   77 |  32, 32, 64 | 1.00 top1.00
( 9, 4)    33   45   77 |  32, 32, 64 | 1.00 top1.00
(10, 4)    33   45   77 |  32, 32, 64 | 1.00 top1.00
(11, 4)    33   45   77 |  32, 32, 64 | 1.00 top1.00
(12, 4)    33   45   77 |  32, 32, 64 | 1.00 top1.00
(13, 4)    33   45   77 |  32, 32, 64 | 1.00 top1.00
(14, 4)    33   45   77 |  32, 32, 64 | 1.00 top1.00
( 0, 5)    33   45   77 |  32, 32, 64 | 1.00 top1.00
( 1, 5)   204  200  206 | 240,240,240 | 1.00 top0.59
( 2, 5)    33   45   77 |  32, 32, 64 | 1.00 top1.00
( 3, 5)   212  209  214 | 240,240,240 | 1.00 top0.65
( 4, 5)    33   45   77 |  32, 32, 64 | 1.00 top1.00
( 5, 5)    33   45   77 |  32, 32, 64 | 1.00 top1.00
( 6, 5)    33   45   77 |  32, 32, 64 | 1.00 top1.00
( 7, 5)    33   45   77 |  32, 32, 64 | 1.00 top1.00
( 8, 5)    33   45   77 |  32, 32, 64 | 1.00 top1.00
( 9, 5)    33   45   77 |  32, 32, 64 | 1.00 top1.00
(10, 5)    33   45   77 |  32, 32, 64 | 1.00 top1.00
(11, 5)    33   45   77 |  32, 32, 64 | 1.00 top1.00
(12, 5)    33   45   77 |  32, 32, 64 | 1.00 top1.00
(13, 5)    33   45   77 |  32, 32, 64 | 1.00 top1.00
(14, 5)    33   45   77 |  32, 32, 64 | 1.00 top1.00
( 0, 6)   162  183  158 | 240,240,240 | 1.00 top0.51
( 1, 6)    33   45   77 |  32, 32, 64 | 1.00 top1.00
( 2, 6)   173  193  169 | 240,240,240 | 1.00 top0.56
( 3, 6)    33   45   77 |  32, 32, 64 | 1.00 top1.00
( 4, 6)   201  213  199 | 240,240,240 | 1.00 top0.72
( 5, 6)    33   45   77 |  32, 32, 64 | 1.00 top1.00
( 6, 6)    33   45   77 |  32, 32, 64 | 1.00 top1.00
( 7, 6)    33   45   77 |  32, 32, 64 | 1.00 top1.00
( 8, 6)    33   45   77 |  32, 32, 64 | 1.00 top1.00
( 9, 6)    33   45   77 |  32, 32, 64 | 1.00 top1.00
(10, 6)    33   45   77 |  32, 32, 64 | 1.00 top1.00
(11, 6)    33   45   77 |  32, 32, 64 | 1.00 top1.00
(12, 6)    33   45   77 |  32, 32, 64 | 1.00 top1.00
(13, 6)    33   45   77 |  32, 32, 64 | 1.00 top1.00
(14, 6)    33   45   77 |  32, 32, 64 | 1.00 top1.00
( 0, 7)    33   45   77 |  32, 32, 64 | 1.00 top1.00
( 1, 7)   150  175  133 | 240,240,240 | 1.00 top0.36
( 2, 7)    33   45   77 |  32, 32, 64 | 1.00 top1.00
( 3, 7)   201  214  196 | 240,240,240 | 1.00 top0.70
( 4, 7)    33   45   77 |  32, 32, 64 | 1.00 top1.00
( 5, 7)   193  208  191 | 240,240,240 | 1.00 top0.68
( 6, 7)    33   45   77 |  32, 32, 64 | 1.00 top1.00
( 7, 7)    33   45   77 |  32, 32, 64 | 1.00 top1.00
( 8, 7)    33   45   77 |  32, 32, 64 | 1.00 top1.00
( 9, 7)    33   45   77 |  32, 32, 64 | 1.00 top1.00
(10, 7)    33   45   77 |  32, 32, 64 | 1.00 top1.00
(11, 7)    33   45   77 |  32, 32, 64 | 1.00 top1.00
(12, 7)    33   45   77 |  32, 32, 64 | 1.00 top1.00
(13, 7)    33   45   77 |  32, 32, 64 | 1.00 top1.00
(14, 7)    33   45   77 |  32, 32, 64 | 1.00 top1.00
( 0, 8)    33   45   77 |  32, 32, 64 | 1.00 top1.00
( 1, 8)    33   45   77 |  32, 32, 64 | 1.00 top1.00
( 2, 8)    33   45   77 |  32, 32, 64 | 1.00 top1.00
( 3, 8)    33   45   77 |  32, 32, 64 | 1.00 top1.00
( 4, 8)    33   45   77 |  32, 32, 64 | 1.00 top1.00
( 5, 8)    33   45   77 |  32, 32, 64 | 1.00 top1.00
( 6, 8)    33   45   77 |  32, 32, 64 | 1.00 top1.00
( 7, 8)    33   45   77 |  32, 32, 64 | 1.00 top1.00
( 8, 8)    33   45   77 |  32, 32, 64 | 1.00 top1.00
( 9, 8)    33   45   77 |  32, 32, 64 | 1.00 top1.00
(10, 8)    33   45   77 |  32, 32, 64 | 1.00 top1.00
(11, 8)    33   45   77 |  32, 32, 64 | 1.00 top1.00
(12, 8)    33   45   77 |  32, 32, 64 | 1.00 top1.00
(13, 8)    33   45   77 |  32, 32, 64 | 1.00 top1.00
(14, 8)    33   45   77 |  32, 32, 64 | 1.00 top1.00
( 0, 9)    33   45   77 |  32, 32, 64 | 1.00 top1.00
( 1, 9)    33   45   77 |  32, 32, 64 | 1.00 top1.00
( 2, 9)    33   45   77 |  32, 32, 64 | 1.00 top1.00
( 3, 9)    33   45   77 |  32, 32, 64 | 1.00 top1.00
( 4, 9)    33   45   77 |  32, 32, 64 | 1.00 top1.00
( 5, 9)    33   45   77 |  32, 32, 64 | 1.00 top1.00
( 6, 9)    33   45   77 |  32, 32, 64 | 1.00 top1.00
( 7, 9)    33   45   77 |  32, 32, 64 | 1.00 top1.00
( 8, 9)    33   45   77 |  32, 32, 64 | 1.00 top1.00
( 9, 9)    33   45   77 |  32, 32, 64 | 1.00 top1.00
(10, 9)    33   45   77 |  32, 32, 64 | 1.00 top1.00
(11, 9)    33   45   77 |  32, 32, 64 | 1.00 top1.00
(12, 9)    33   45   77 |  32, 32, 64 | 1.00 top1.00
(13, 9)    33   45   77 |  32, 32, 64 | 1.00 top1.00
(14, 9)    33   45   77 |  32, 32, 64 | 1.00 top1.00
